4294967293,131
4294967293,130
4294967293,129
4294967293,128
4294967293,127
4294967293,126
4294967293,125
4294967293,124
4294967293,123
4294967293,122
4294967293,121
4294967293,120
4294967293,119
4294967293,118
4294967293,117
4294967293,116
4294967293,115
4294967293,114
4294967293,113
4294967293,112
4294967293,111
4294967293,110
4294967293,109
4294967293,108
4294967293,107
4294967293,106
4294967293,105
4294967293,104
4294967293,103
4294967293,102
4294967293,101
4294967293,100
4294967293,99
4294967293,98
4294967293,97
4294967293,96
4294967293,95
4294967293,94
4294967293,93
4294967293,92
4294967293,91
4294967293,90
4294967293,89
4294967293,87
4294967293,86
4294967293,85
4294967293,84
4294967293,83
4294967293,82
4294967293,81
4294967293,80
4294967293,79
4294967293,78
4294967293,77
4294967293,76
4294967293,75
4294967293,74
4294967293,73
4294967293,72
4294967293,71
4294967293,70
4294967293,69
4294967293,68
4294967293,67
4294967293,66
4294967293,65
4294967293,64
4294967293,63
4294967293,62
4294967293,61
4294967293,60
4294967293,59
4294967293,58
4294967293,57
4294967293,56
4294967293,55
4294967293,54
4294967293,53
4294967293,52
4294967293,51
4294967293,50
4294967293,49
4294967293,48
4294967293,47
4294967293,46
4294967293,45
4294967293,44
4294967293,43
4294967293,42
4294967293,41
4294967293,40
4294967293,39
4294967293,38
4294967293,37
4294967293,36
4294967293,35
4294967293,34
4294967293,33
4294967293,32
4294967293,31
4294967293,30
4294967293,29
4294967293,28
4294967293,27
4294967293,26
4294967293,25
4294967293,24
4294967293,23
4294967293,22
4294967293,21
4294967293,20
4294967293,19
4294967293,18
4294967293,17
4294967293,16
4294967293,15
4294967293,14
4294967293,13
4294967293,12
4294967293,11
4294967293,10
4294967293,9
4294967293,8
4294967293,7
4294967293,6
4294967293,5
4294967293,4
4294967293,3
4294967278,275
4294967279,95
4294967279,85
4294967279,84
4294967279,81
4294967279,75
4294967279,74
4294967279,73
4294967279,72
4294967279,71
4294967279,65
4294967279,64
4294967279,62
4294967279,57
4294967279,55
4294967279,54
4294967279,52
4294967279,50
4294967279,46
4294967279,44
4294967279,30
4294967279,28
4294967279,138
4294967279,24
4294967279,378
4294967294,1422
4294967294,452
4294967294,184
4294967294,108
4294967278,280
4294967279,354
203,12
203,11
203,10
203,9
203,8
203,7
203,6
203,5
203,4
203,3
203,2
203,1
4294967279,352
4294967294,1440
4294967279,376
4294967279,409
39,0
39,12
4294967279,250
4294967278,253
4294967278,560
39,11
4294967294,1446
4294967294,1445
4294967294,473
4294967278,215
4294967294,1444
4294967278,249
4294967279,383
4294967279,394
39,1
39,10
39,9
39,8
39,7
39,6
39,5
39,2
39,4
4294967294,472
4294967294,499
39,3
4294967278,239
4294967294,1518
4294967294,156
4294967294,152
4294967294,448
4294967294,111
4294967279,237
4294967279,239
4294967278,339
4294967279,236
130,0
130,9
4294967278,227
4294967278,545
4294967279,227
4294967278,223
4294967279,220
4294967279,218
4294967278,216
4294967278,214
202,7
4294967279,214
202,6
202,5
202,4
202,3
202,2
202,1
4294967279,364
4294967278,515
4294967294,1426
4294967279,301
4294967278,204
4294967279,205
4294967279,200
201,7
201,6
201,5
201,4
201,3
201,2
201,1
4294967279,374
4294967278,198
45,5
68,13
68,0
4294967279,196
4294967279,195
4294967279,189
4294967278,177
156,4
150,4
68,12
4294967279,167
149,4
151,4
157,4
147,4
4294967279,338
187,0
187,6
4294967294,1517
4294967279,151
187,5
178,0
178,5
4294967294,1425
130,8
4294967279,140
131,3
4294967278,141
4294967278,338
4294967278,140
131,0
131,1
131,7
131,2
4294967294,1475
4294967294,1516
153,3
153,0
153,1
153,7
153,2
4294967294,1443
4294967278,135
169,0
169,7
132,3
132,0
132,1
132,7
132,2
4294967294,1432
4294967294,1515
4294967294,1424
150,3
150,0
150,1
150,7
150,2
4294967279,286
152,3
152,0
152,1
152,7
152,2
149,3
149,0
149,1
149,7
149,2
4294967294,1514
148,3
4294967278,261
148,0
148,1
148,7
148,2
4294967294,1442
142,3
4294967278,272
4294967279,282
142,0
142,1
142,7
142,2
4294967279,257
4294967279,335
4294967294,414
176,0
176,6
4294967294,416
137,3
4294967279,408
137,0
137,1
137,7
137,2
4294967294,1421
4294967294,1513
4294967294,179
4294967294,407
4294967294,411
4294967294,470
4294967294,119
4294967294,112
4294967294,462
147,3
4294967279,304
147,0
147,1
147,7
147,2
151,3
4294967279,251
4294967279,390
151,0
151,1
151,7
151,2
4294967279,244
134,3
134,0
134,1
134,7
134,2
4294967278,174
4294967279,93
4294967279,83
4294967279,82
4294967279,80
4294967279,79
4294967279,77
4294967279,76
4294967279,70
4294967279,68
4294967279,67
4294967279,61
4294967279,59
4294967279,58
4294967279,56
4294967279,53
4294967279,49
4294967279,47
4294967279,43
4294967279,42
4294967279,41
4294967279,39
4294967279,38
4294967279,37
4294967279,36
4294967279,35
4294967279,34
4294967279,32
4294967279,31
4294967279,29
4294967279,27
4294967279,26
4294967279,25
4294967294,1512
129,3
129,0
129,1
129,7
129,2
4294967294,1419
4294967278,558
4294967279,407
4294967279,235
177,0
177,6
140,3
4294967278,231
4294967279,229
140,0
140,1
140,9
140,2
4294967294,1511
4294967278,224
166,0
166,7
4294967278,220
4294967294,193
4294967294,999
4294967294,173
4294967294,422
145,3
4294967278,218
4294967279,219
145,0
145,1
145,7
145,2
4294967294,1510
4294967279,389
4294967279,302
4294967278,212
200,0
200,7
4294967279,210
4294967278,209
172,0
172,7
4294967278,208
4294967279,207
4294967278,207
4294967278,517
4294967278,206
156,0
156,7
4294967279,91
4294967278,514
4294967279,92
4294967279,392
4294967279,331
171,0
171,7
4294967279,203
4294967294,1509
4294967279,89
4294967279,348
4294967278,537
4294967279,201
165,0
165,7
4294967279,86
4294967278,337
67,2
4294967279,199
4294967279,198
4294967279,345
4294967278,328
4294967279,197
170,0
170,7
4294967279,329
4294967278,568
164,0
164,7
133,3
4294967279,78
4294967279,192
4294967279,344
4294967278,567
4294967279,191
133,0
133,1
133,7
133,2
4294967279,190
4294967294,1508
4294967278,186
4294967279,188
160,0
160,7
4294967279,187
4294967279,186
4294967278,327
4294967279,185
161,0
161,7
4294967294,1441
4294967279,69
4294967279,370
162,0
162,7
128,3
4294967279,66
4294967279,180
4294967278,294
4294967279,179
128,0
128,1
128,7
128,2
4294967279,178
4294967294,1507
138,3
4294967279,63
4294967279,177
4294967279,369
4294967278,565
138,0
138,1
138,7
138,2
4294967279,60
155,0
155,7
4294967294,130
4294967294,400
4294967294,153
4294967294,403
4294967294,524
4294967294,455
4294967294,454
4294967294,385
4294967294,459
4294967279,170
4294967279,361
4294967278,326
154,0
154,7
4294967279,168
4294967294,1506
141,3
4294967278,531
4294967279,166
141,0
141,1
141,9
141,2
4294967279,51
4294967279,367
4294967278,336
158,0
158,7
4294967278,158
4294967279,48
4294967278,312
157,0
157,7
4294967279,159
4294967278,155
4294967279,45
4294967279,158
4294967279,157
4294967279,156
159,0
159,7
68,11
4294967294,1505
